7703303727
7733850961
7721546864
7743001840
7810068631
7831000122
7706061802
5002036390
6673171068
8901014249
7708503727
7710819482
3703018424
7710860644
7710349494
6730999994
7720800588
7728835096
5003021311
7814028521
5911029880
7736036935
7736207543
9704077748
6672210900
7825706086
7706284124
5902201801
7706409985
7736208998
5003028905
7728168971
5032278932
7736050003
7744001497
7812006906
7704516246
7736216861
7712004550
7826225549
7717634369
7708349995
7703048546
7414003633
7705016030
7706265008
7703004834
7720532060
7709062107
7707030445
8401005730
5321029508
7740000076
7733003350
7707049388
7736227885
4217040200
9709009874
7725011963
6315376946
7707224117
7743563989
9701048328
6670001880
7703308985
7703270024
4212024770
7707389616
6168003040
7203011931
7816045158
7728203935
7704274405
7703097990
7713561081
7710540423
7702026574
7707088528
4823006703
6317065042
6316080346
7404052073
7706859880
7704704882
0274051582
7736520080
7702001890
7703000010
7702235133
6320002223
7712040126
7724490000
7701049606
7736033022
4217014197
1433027762
7703383868
6452001625
8602060555
7727003675
7710039598
6449013711
9705001330
7714946035
3305705802
7203000613
2310031475
7705015233
3905049570
1644003838
5250001108
7710354095
7838012874
5610054004
7451001560
7713334170
7810029927
2315004404
2320109650
7707229607
7705030995
7728662669
7701668569
7750005524
2460066195
6674184966
7706107510
7736030085
7702236253
7706178960
7736049595
7708004767
7706201731
7802413550
7810075830
7707083893
4716016979
0274143600
7713011336
7705003532
7713076301
7812014560
5504036333
7710140679
3528000597
7708011683
7706252008
7736248728
7702070139
7709284122
7709085638
7103003481
7710401987
7727547261