7736050003
7708004767
7706107510
1644003838
6316031581
8602060555
0274051582
5504036333
7706061802
7706735685
8603077334
8901001824
8901006205
8901015340
8601021645
5003021311
5902293231
7727547261
1650140634
1650151210
1648003940
0268000768
7702040128
4703003004
6314000273
6314000510
6314000280
7720508853
7705017253
7802312751
7706412923
7701376356
7701376363
7701376370
7701376388
7701376395
7701376405
7701376412
7701376420
7707083893
7702070139
7728168971
7710045520
7706092528
7750005482
7706182670
7706005040
7706010015
7703043441
7708020558
7708022667
7706091500
7811000835
7710353606
7702235133
7706234085
7706022060
7705012180
7708002872
7714023100
7725283020
7725283094
7710026574
7706105641
7706245055
7706231799
7706187974
7706231809
7706152227
7706345010
7706225951
7708227950
7722540322
7706478050
7707389200
3528000597
4823006703
7414003633
7703000010
7710039598
7736030085
7438000166
4220002720
8401005730
7706107910
6673358623
6606001645
6621000051
7703383868
1433027762
7706423412
4205072170
7706859880
7736216861
5911029880
5321029508
7706244510
7706234423
7706695687
7706697971
7706252008
2460066195
2320109650
7728662669
4716016979
6315376946
7708676810
7705637527
1435012345
2460067890
7709876543
8603123456
1650123456
6316123456
5904123456
6671234567
5402123456
7708503727
7708591995
7722072819
7712040126
7708543264
7710246267
7703384160
7706201731
2315004404
7708002927
7806043866
7724490000
7707049388
7706234500
7706234517
7706234524
7706234531
7740000076
7812014560
7713076301
7707000164
7725377070
7736207543
7721546864
7729729120
9709009874
7704340324
7704340349
7704340356
7704340405
7710848300
7736227885
7705782990
7716789581
7706174524
7706157265
7706233989
7706233996
7706234126
7706234133
7706234140
2310031475
7825706086
7725022402
7731558544
7728554040
7728554058
7728554185
7728554192
7728554202
7728554065
7728554072
7728554080
7728554107
7728554114
7728554121
9718169771
7725625649
7728554308
7728554354
7722769908
7726636201
7714886605
7728554347
7805522310
7713011336
7816045158
7728307686
7703457623
7704819896
7701549415
7724675616
7710901457
7726355663
7706231200
7706231217
7706231224
7706231231
7706231400
7706231417
7706231424
7706231431
1650002058
6320002223
5250001108
3528079131
6661073837
7706452392
7706046554
7706032312
7709336328
7813444268
5036083360
7706231705
7706231751
7706232200
7706232217
7706232224
7706232231
7706232249
7706232256
7706232263
7706232288
7706232295
7706232505
7706232512
7706232520
7706232537
7706232600