7706233300
7706233317
7706233324
7706233331
7706233349
7706233356
7706233363
7706233370
7706233388
7706233395
7706233405
7706233412
7706233420
7706233437
7706233444
7706233451
7706233469
7706233476
7706233483
7706233490
7706233500
7706233517
7706233524
7706233531
7706233549
7706233556
7706233563
7706233570
7706233588
7706233595
7706233605
7706233612
7706233620
7706233637
7706233644
7706233651
7706233669
7706233676
7706233683
7706233690
7706233700
7706233717
7706233724
7706233731
7706233749
7706233756
7706233763
7706233770
7706233788
7706233795
7706233805
7706233812
7706233820
7706233837
7706233844
7706233851
7706233869
7706233876
7706233883
7706233890
7706233900
7706233917
7706233924
7706233931
7706233949
7706233956
7706233963
7706233970
7706233988