7706859880
7736216861
5911029880
5321029508
7706244510
7706232705
7706232712
7706232720
7706232737
7706232744
7706232751
7706232769
7706232776
7706232783
7706232790
7706232800
7706232817
7706232824
7706232831
7706232849
7706232856
7706232863
7706232870
7706232888
7706232895
7706232905
7706232912
7706232920
7706232937
7706232944
7706232951
7706232969
7706232976
7706232983
7706232990
7706233000
7706233017
7706233024
7706233031
7706233049
7706233056
7706233063
7706233070
7706233088
7706233095
7706233105
7706233112
7706233120
7706233137
7706233144
7706233151
7706233169
7706233176
7706233183
7706233190
7706233200